1. Number of unique words in documents:['473', '1975', '727', '913', '1170']

2. Length of documents: ['1049', '6306', '1950', '2339', '3769']

3. tf 
statistics: [0.017159199237368923, 0.0003171582619727244, 0.002564102564102564, 0.0, 0.003183868400106129]
analytics: [0.0009532888465204957, 0.0028544243577545195, 0.003076923076923077, 0.00042753313381787086, 0.0010612894667020429]
data: [0.06482364156339371, 0.04551221059308595, 0.055384615384615386, 0.0, 0.04775802600159194]
science: [0.03813155386081983, 0.0017443704408499842, 0.011282051282051283, 0.0017101325352714834, 0.016184664367206156]

4. idf 
statistics: 0.22314355131420976
analytics: 0.0
data: 0.22314355131420976
science: 0.0

5. tf-idf
statistics: [0.0038289646555345813, 7.07718209052362e-05, 0.0005721629520877173, 0.0, 0.000710459701716773]
analytics: [0.0, 0.0, 0.0, 0.0, 0.0]
data: [0.014464977587575084, 0.010155756299901397, 0.012358719765094695, 0.0, 0.010656895525751595]
science: [0.0, 0.0, 0.0, 0.0, 0.0]

