1. Number of unique words in documents:['389', '1794', '606', '809', '1017']

2. Length of documents: ['644', '3837', '1102', '1481', '2109']

3. tf 
statistics: [0.027950310559006212, 0.0005212405525149857, 0.004537205081669692, 0.0, 0.005689900426742532]
analytics: [0.0015527950310559005, 0.004691164972634871, 0.0054446460980036296, 0.0006752194463200541, 0.001896633475580844]
data: [0.10559006211180125, 0.07479801928590045, 0.09800362976406533, 0.0, 0.08534850640113797]
science: [0.062111801242236024, 0.0028668230388324213, 0.019963702359346643, 0.0027008777852802163, 0.028923660502607872]

4. idf 
statistics: 0.22314355131420976
analytics: 0.0
data: 0.22314355131420976
science: 0.0

5. tf-idf
statistics: [0.006236931558471701, 0.00011631146797717476, 0.0010124480549646541, 0.0, 0.0012696645878475662]
analytics: [0.0, 0.0, 0.0, 0.0, 0.0]
data: [0.02356174144311532, 0.01669069565472458, 0.021868877987236527, 0.0, 0.019044968817713493]
science: [0.0, 0.0, 0.0, 0.0, 0.0]

